0.000000000000000000e+00 7.066498000000000168e+00
1.000000000000000000e+00 7.066498000000000168e+00
2.000000000000000000e+00 7.066498000000000168e+00
3.000000000000000000e+00 7.066498000000000168e+00
4.000000000000000000e+00 7.066498000000000168e+00
5.000000000000000000e+00 7.066498000000000168e+00
6.000000000000000000e+00 7.066498000000000168e+00
7.000000000000000000e+00 7.066498000000000168e+00
8.000000000000000000e+00 7.066498000000000168e+00
9.000000000000000000e+00 7.066498000000000168e+00
1.000000000000000000e+01 7.066498000000000168e+00
1.100000000000000000e+01 7.066498000000000168e+00
1.200000000000000000e+01 7.066498000000000168e+00
1.300000000000000000e+01 7.066498000000000168e+00
1.400000000000000000e+01 7.066498000000000168e+00
1.500000000000000000e+01 7.066498000000000168e+00
1.600000000000000000e+01 7.066498000000000168e+00
1.700000000000000000e+01 7.066498000000000168e+00
1.800000000000000000e+01 7.066498000000000168e+00
1.900000000000000000e+01 7.066498000000000168e+00
2.000000000000000000e+01 7.066498000000000168e+00
2.100000000000000000e+01 7.066498000000000168e+00
2.200000000000000000e+01 7.066498000000000168e+00
2.300000000000000000e+01 7.066498000000000168e+00
2.400000000000000000e+01 7.066498000000000168e+00
2.500000000000000000e+01 7.066498000000000168e+00
2.600000000000000000e+01 7.066498000000000168e+00
2.700000000000000000e+01 7.066498000000000168e+00
2.800000000000000000e+01 7.066498000000000168e+00
2.900000000000000000e+01 7.066498000000000168e+00
3.000000000000000000e+01 7.066498000000000168e+00
3.100000000000000000e+01 7.066498000000000168e+00
3.200000000000000000e+01 7.066498000000000168e+00
3.300000000000000000e+01 7.066498000000000168e+00
3.400000000000000000e+01 7.066498000000000168e+00
3.500000000000000000e+01 7.066498000000000168e+00
3.600000000000000000e+01 7.066498000000000168e+00
3.700000000000000000e+01 7.066498000000000168e+00
3.800000000000000000e+01 7.066498000000000168e+00
3.900000000000000000e+01 7.066498000000000168e+00
4.000000000000000000e+01 7.066498000000000168e+00
4.100000000000000000e+01 7.066498000000000168e+00
4.200000000000000000e+01 7.066498000000000168e+00
4.300000000000000000e+01 7.066498000000000168e+00
4.400000000000000000e+01 7.066498000000000168e+00
4.500000000000000000e+01 7.066498000000000168e+00
4.600000000000000000e+01 7.066498000000000168e+00
4.700000000000000000e+01 7.066498000000000168e+00
4.800000000000000000e+01 7.066498000000000168e+00
4.900000000000000000e+01 7.066498000000000168e+00
5.000000000000000000e+01 7.066498000000000168e+00
5.100000000000000000e+01 6.371730999999999590e+00
5.200000000000000000e+01 5.618444000000000216e+00
5.300000000000000000e+01 5.090025999999999939e+00
5.400000000000000000e+01 5.040790000000000326e+00
5.500000000000000000e+01 5.603710999999999665e+00
5.600000000000000000e+01 6.556282000000000387e+00
5.700000000000000000e+01 7.647133000000000180e+00
5.800000000000000000e+01 8.632780000000000342e+00
5.900000000000000000e+01 9.341113000000000000e+00
6.000000000000000000e+01 9.971629999999999328e+00
6.100000000000000000e+01 1.048701499999999953e+01
6.200000000000000000e+01 1.084791799999999995e+01
6.300000000000000000e+01 1.102225499999999947e+01
6.400000000000000000e+01 1.097297499999999992e+01
6.500000000000000000e+01 1.075525200000000048e+01
6.600000000000000000e+01 1.044166899999999920e+01
6.700000000000000000e+01 1.009745599999999932e+01
6.800000000000000000e+01 9.710188999999999737e+00
6.900000000000000000e+01 9.191836000000000340e+00
7.000000000000000000e+01 8.649867999999999668e+00
7.100000000000000000e+01 8.180706999999999951e+00
7.200000000000000000e+01 7.875435999999999659e+00
7.300000000000000000e+01 7.889269999999999783e+00
7.400000000000000000e+01 7.959659000000000262e+00
7.500000000000000000e+01 7.753016999999999825e+00
7.600000000000000000e+01 7.018422000000000160e+00
7.700000000000000000e+01 5.515182000000000251e+00
7.800000000000000000e+01 3.424717999999999929e+00
7.900000000000000000e+01 1.263794000000000084e+00
8.000000000000000000e+01 -4.993790000000000173e-01
8.100000000000000000e+01 -1.482083000000000039e+00
8.200000000000000000e+01 -1.795528000000000013e+00
8.300000000000000000e+01 -1.730637999999999899e+00
8.400000000000000000e+01 -1.536771000000000109e+00
8.500000000000000000e+01 -1.444841000000000042e+00
8.600000000000000000e+01 -1.498837999999999893e+00
8.700000000000000000e+01 -1.555895999999999946e+00
8.800000000000000000e+01 -1.619339000000000084e+00
8.900000000000000000e+01 -1.691300999999999943e+00
9.000000000000000000e+01 -1.771317999999999948e+00
9.100000000000000000e+01 -1.856924999999999937e+00
9.200000000000000000e+01 -1.950579999999999981e+00
9.300000000000000000e+01 -2.052448000000000050e+00
9.400000000000000000e+01 -2.160511000000000070e+00
9.500000000000000000e+01 -2.273439000000000210e+00
9.600000000000000000e+01 -2.385883000000000198e+00
9.700000000000000000e+01 -2.491665999999999936e+00
9.800000000000000000e+01 -2.589490000000000069e+00
9.900000000000000000e+01 -2.678932999999999787e+00
1.000000000000000000e+02 -2.761614999999999931e+00
1.010000000000000000e+02 -2.835440000000000182e+00
1.020000000000000000e+02 -2.899672999999999945e+00
1.030000000000000000e+02 -2.957596999999999809e+00
1.040000000000000000e+02 -3.013367999999999824e+00
1.050000000000000000e+02 -3.071050000000000058e+00
1.060000000000000000e+02 -3.131886000000000170e+00
1.070000000000000000e+02 -3.193658999999999804e+00
1.080000000000000000e+02 -3.254738999999999827e+00
1.090000000000000000e+02 -3.317975000000000119e+00
1.100000000000000000e+02 -3.379544999999999799e+00
1.110000000000000000e+02 -3.433491000000000071e+00
1.120000000000000000e+02 -3.473812999999999818e+00
1.130000000000000000e+02 -3.496929000000000176e+00
1.140000000000000000e+02 -3.505812000000000150e+00
1.150000000000000000e+02 -3.505865000000000009e+00
1.160000000000000000e+02 -3.502365000000000173e+00
1.170000000000000000e+02 -3.497046000000000099e+00
1.180000000000000000e+02 -3.486155999999999811e+00
1.190000000000000000e+02 -3.472360999999999809e+00
1.200000000000000000e+02 -3.458260999999999807e+00
1.210000000000000000e+02 -3.446006999999999820e+00
1.220000000000000000e+02 -3.432700000000000085e+00
1.230000000000000000e+02 -3.418795999999999946e+00
1.240000000000000000e+02 -3.406931999999999849e+00
1.250000000000000000e+02 -3.399697999999999887e+00
1.260000000000000000e+02 -3.395267000000000035e+00
1.270000000000000000e+02 -3.391420999999999797e+00
1.280000000000000000e+02 -3.393056000000000072e+00
1.290000000000000000e+02 -3.405149000000000203e+00
1.300000000000000000e+02 -3.432780999999999860e+00
1.310000000000000000e+02 -3.477043999999999802e+00
1.320000000000000000e+02 -3.532615999999999978e+00
1.330000000000000000e+02 -3.594129000000000129e+00
1.340000000000000000e+02 -3.656426999999999872e+00
1.350000000000000000e+02 -3.728254000000000179e+00
1.360000000000000000e+02 -3.810719999999999885e+00
1.370000000000000000e+02 -3.886458999999999886e+00
1.380000000000000000e+02 -3.938204999999999956e+00
1.390000000000000000e+02 -3.946463000000000054e+00
1.400000000000000000e+02 -3.901348000000000038e+00
1.410000000000000000e+02 -3.842009000000000007e+00
1.420000000000000000e+02 -3.812145000000000117e+00
1.430000000000000000e+02 -3.850639999999999841e+00
1.440000000000000000e+02 -3.925856000000000012e+00
1.450000000000000000e+02 -4.029145999999999894e+00
1.460000000000000000e+02 -4.205377999999999616e+00
1.470000000000000000e+02 -4.495193999999999690e+00
1.480000000000000000e+02 -4.932053999999999938e+00
1.490000000000000000e+02 -5.503258999999999901e+00
1.500000000000000000e+02 -6.166974999999999874e+00
1.510000000000000000e+02 -6.891784000000000354e+00
1.520000000000000000e+02 -7.651068000000000424e+00
1.530000000000000000e+02 -8.445494000000000057e+00
1.540000000000000000e+02 -9.286352000000000828e+00
1.550000000000000000e+02 -1.017910799999999938e+01
1.560000000000000000e+02 -1.111752500000000055e+01
1.570000000000000000e+02 -1.211817199999999950e+01
1.580000000000000000e+02 -1.320712800000000087e+01
1.590000000000000000e+02 -1.431949299999999958e+01
1.600000000000000000e+02 -1.540423400000000065e+01
1.610000000000000000e+02 -1.640725199999999973e+01
1.620000000000000000e+02 -1.739132400000000089e+01
1.630000000000000000e+02 -1.833916100000000071e+01
1.640000000000000000e+02 -1.916732899999999873e+01
1.650000000000000000e+02 -1.981436599999999970e+01
1.660000000000000000e+02 -2.023144100000000023e+01
1.670000000000000000e+02 -2.045866600000000091e+01
1.680000000000000000e+02 -2.057149899999999931e+01
1.690000000000000000e+02 -2.063291999999999859e+01
1.700000000000000000e+02 -2.068958399999999997e+01
1.710000000000000000e+02 -2.070333899999999971e+01
1.720000000000000000e+02 -2.068184799999999868e+01
1.730000000000000000e+02 -2.065616699999999994e+01
1.740000000000000000e+02 -2.064586200000000105e+01
1.750000000000000000e+02 -2.065151099999999929e+01
1.760000000000000000e+02 -2.064598700000000164e+01
1.770000000000000000e+02 -2.062912299999999988e+01
1.780000000000000000e+02 -2.060505600000000115e+01
1.790000000000000000e+02 -2.057750599999999963e+01
1.800000000000000000e+02 -2.053583100000000172e+01
1.810000000000000000e+02 -2.048613500000000087e+01
1.820000000000000000e+02 -2.044445599999999885e+01
1.830000000000000000e+02 -2.042706199999999939e+01
1.840000000000000000e+02 -2.044300799999999896e+01
1.850000000000000000e+02 -2.048258900000000082e+01
1.860000000000000000e+02 -2.053608499999999992e+01
1.870000000000000000e+02 -2.059526400000000024e+01
1.880000000000000000e+02 -2.065347900000000081e+01
1.890000000000000000e+02 -2.071819100000000091e+01
1.900000000000000000e+02 -2.079014700000000104e+01
1.910000000000000000e+02 -2.086436399999999836e+01
1.920000000000000000e+02 -2.093946899999999900e+01
1.930000000000000000e+02 -2.101245000000000118e+01
1.940000000000000000e+02 -2.108718299999999957e+01
1.950000000000000000e+02 -2.116918000000000077e+01
1.960000000000000000e+02 -2.126305800000000090e+01
1.970000000000000000e+02 -2.137096999999999980e+01
1.980000000000000000e+02 -2.148755299999999835e+01
1.990000000000000000e+02 -2.161537200000000070e+01
2.000000000000000000e+02 -2.176244200000000006e+01
2.010000000000000000e+02 -2.193916899999999970e+01
2.020000000000000000e+02 -2.215429299999999913e+01
2.030000000000000000e+02 -2.240654800000000080e+01
2.040000000000000000e+02 -2.267986600000000053e+01
2.050000000000000000e+02 -2.295967500000000072e+01
2.060000000000000000e+02 -2.323465300000000155e+01
2.070000000000000000e+02 -2.352482600000000090e+01
2.080000000000000000e+02 -2.382114699999999985e+01
2.090000000000000000e+02 -2.410249400000000009e+01
2.100000000000000000e+02 -2.434556200000000104e+01
2.110000000000000000e+02 -2.453023699999999963e+01
2.120000000000000000e+02 -2.466081199999999995e+01
2.130000000000000000e+02 -2.474689599999999956e+01
2.140000000000000000e+02 -2.480348299999999995e+01
2.150000000000000000e+02 -2.484792300000000154e+01
2.160000000000000000e+02 -2.486580199999999863e+01
2.170000000000000000e+02 -2.486239300000000085e+01
2.180000000000000000e+02 -2.485158300000000153e+01
2.190000000000000000e+02 -2.485278399999999976e+01
2.200000000000000000e+02 -2.488257400000000175e+01
2.210000000000000000e+02 -2.493691199999999952e+01
2.220000000000000000e+02 -2.500725500000000068e+01
2.230000000000000000e+02 -2.508429299999999884e+01
2.240000000000000000e+02 -2.515782499999999899e+01
2.250000000000000000e+02 -2.523466700000000174e+01
2.260000000000000000e+02 -2.531709999999999994e+01
2.270000000000000000e+02 -2.539655399999999830e+01
2.280000000000000000e+02 -2.546392000000000166e+01
2.290000000000000000e+02 -2.550772600000000168e+01
2.300000000000000000e+02 -2.552954700000000088e+01
2.310000000000000000e+02 -2.553536799999999829e+01
2.320000000000000000e+02 -2.553234199999999987e+01
2.330000000000000000e+02 -2.552807800000000071e+01
2.340000000000000000e+02 -2.551749500000000026e+01
2.350000000000000000e+02 -2.549845499999999987e+01
2.360000000000000000e+02 -2.547703399999999974e+01
2.370000000000000000e+02 -2.545940099999999973e+01
2.380000000000000000e+02 -2.545039900000000088e+01
2.390000000000000000e+02 -2.544713799999999893e+01
2.400000000000000000e+02 -2.544757200000000097e+01
2.410000000000000000e+02 -2.544949700000000092e+01
2.420000000000000000e+02 -2.545056500000000099e+01
2.430000000000000000e+02 -2.545005600000000001e+01
2.440000000000000000e+02 -2.544872600000000062e+01
2.450000000000000000e+02 -2.544764400000000037e+01
2.460000000000000000e+02 -2.544876500000000163e+01
2.470000000000000000e+02 -2.545541100000000156e+01
2.480000000000000000e+02 -2.546934600000000160e+01
2.490000000000000000e+02 -2.548691200000000023e+01
2.500000000000000000e+02 -2.550286799999999943e+01
2.510000000000000000e+02 -2.551226700000000136e+01
2.520000000000000000e+02 -2.553172500000000156e+01
2.530000000000000000e+02 -2.555186099999999882e+01
2.540000000000000000e+02 -2.554907100000000142e+01
2.550000000000000000e+02 -2.550172399999999939e+01
2.560000000000000000e+02 -2.537958799999999826e+01
2.570000000000000000e+02 -2.518128000000000100e+01
2.580000000000000000e+02 -2.496004699999999943e+01
2.590000000000000000e+02 -2.477090400000000159e+01
2.600000000000000000e+02 -2.465962199999999882e+01
2.610000000000000000e+02 -2.455535599999999974e+01
2.620000000000000000e+02 -2.448567800000000005e+01
2.630000000000000000e+02 -2.453603599999999929e+01
2.640000000000000000e+02 -2.478203099999999992e+01
2.650000000000000000e+02 -2.529781699999999844e+01
2.660000000000000000e+02 -2.604382800000000131e+01
2.670000000000000000e+02 -2.690962400000000088e+01
2.680000000000000000e+02 -2.778585899999999853e+01
2.690000000000000000e+02 -2.858576400000000106e+01
2.700000000000000000e+02 -2.940473499999999873e+01
2.710000000000000000e+02 -3.020706699999999856e+01
2.720000000000000000e+02 -3.089338800000000163e+01
2.730000000000000000e+02 -3.138844599999999829e+01
2.740000000000000000e+02 -3.165007500000000107e+01
2.750000000000000000e+02 -3.174016500000000107e+01
2.760000000000000000e+02 -3.172898500000000155e+01
2.770000000000000000e+02 -3.168457799999999835e+01
2.780000000000000000e+02 -3.165546700000000158e+01
2.790000000000000000e+02 -3.158919399999999911e+01
2.800000000000000000e+02 -3.150172299999999836e+01
2.810000000000000000e+02 -3.143233400000000088e+01
2.820000000000000000e+02 -3.141610899999999873e+01
2.830000000000000000e+02 -3.147172499999999928e+01
2.840000000000000000e+02 -3.157519900000000135e+01
2.850000000000000000e+02 -3.170322499999999977e+01
2.860000000000000000e+02 -3.183589399999999969e+01
2.870000000000000000e+02 -3.195570400000000078e+01
2.880000000000000000e+02 -3.208168100000000322e+01
2.890000000000000000e+02 -3.221236300000000341e+01
2.900000000000000000e+02 -3.233465300000000298e+01
2.910000000000000000e+02 -3.244101700000000221e+01
2.920000000000000000e+02 -3.252893199999999752e+01
2.930000000000000000e+02 -3.260649500000000245e+01
2.940000000000000000e+02 -3.267653500000000122e+01
2.950000000000000000e+02 -3.274143699999999768e+01
2.960000000000000000e+02 -3.280310200000000265e+01
2.970000000000000000e+02 -3.286408099999999877e+01
2.980000000000000000e+02 -3.291926800000000242e+01
2.990000000000000000e+02 -3.296261799999999909e+01
3.000000000000000000e+02 -3.298716399999999993e+01
3.010000000000000000e+02 -3.298261200000000315e+01
3.020000000000000000e+02 -3.295217099999999988e+01
3.030000000000000000e+02 -3.291172000000000253e+01
3.040000000000000000e+02 -3.287795599999999752e+01
3.050000000000000000e+02 -3.286205600000000260e+01
3.060000000000000000e+02 -3.284185200000000293e+01
3.070000000000000000e+02 -3.282995799999999775e+01
3.080000000000000000e+02 -3.284807500000000147e+01
3.090000000000000000e+02 -3.291849700000000212e+01
3.100000000000000000e+02 -3.305827200000000232e+01
3.110000000000000000e+02 -3.325553599999999932e+01
3.120000000000000000e+02 -3.348816699999999713e+01
3.130000000000000000e+02 -3.373044399999999854e+01
3.140000000000000000e+02 -3.396679799999999716e+01
3.150000000000000000e+02 -3.422337600000000180e+01
3.160000000000000000e+02 -3.448674499999999910e+01
3.170000000000000000e+02 -3.473693000000000097e+01
3.180000000000000000e+02 -3.495418899999999951e+01
3.190000000000000000e+02 -3.513372600000000290e+01
3.200000000000000000e+02 -3.528445899999999824e+01
3.210000000000000000e+02 -3.541379799999999989e+01
3.220000000000000000e+02 -3.552938199999999824e+01
3.230000000000000000e+02 -3.563744400000000212e+01
3.240000000000000000e+02 -3.573510799999999676e+01
3.250000000000000000e+02 -3.582123200000000196e+01
3.260000000000000000e+02 -3.589444300000000254e+01
3.270000000000000000e+02 -3.595083799999999741e+01
3.280000000000000000e+02 -3.598542900000000344e+01
3.290000000000000000e+02 -3.600040599999999813e+01
3.300000000000000000e+02 -3.600224899999999906e+01
3.310000000000000000e+02 -3.599818199999999990e+01
3.320000000000000000e+02 -3.599233999999999867e+01
3.330000000000000000e+02 -3.597698299999999705e+01
3.340000000000000000e+02 -3.595578799999999831e+01
3.350000000000000000e+02 -3.593481100000000339e+01
3.360000000000000000e+02 -3.591955300000000051e+01
3.370000000000000000e+02 -3.590927599999999842e+01
3.380000000000000000e+02 -3.590131300000000181e+01
3.390000000000000000e+02 -3.589696299999999951e+01
3.400000000000000000e+02 -3.589706000000000330e+01
3.410000000000000000e+02 -3.590092599999999834e+01
3.420000000000000000e+02 -3.590662799999999777e+01
3.430000000000000000e+02 -3.591729899999999986e+01
3.440000000000000000e+02 -3.593705899999999787e+01
3.450000000000000000e+02 -3.597009400000000312e+01
3.460000000000000000e+02 -3.601945599999999814e+01
3.470000000000000000e+02 -3.608144200000000268e+01
3.480000000000000000e+02 -3.615159100000000336e+01
3.490000000000000000e+02 -3.622441299999999842e+01
3.500000000000000000e+02 -3.629861400000000060e+01
3.510000000000000000e+02 -3.637830000000000297e+01
3.520000000000000000e+02 -3.645992700000000042e+01
3.530000000000000000e+02 -3.654257299999999731e+01
3.540000000000000000e+02 -3.662382399999999905e+01
3.550000000000000000e+02 -3.670534700000000328e+01
3.560000000000000000e+02 -3.678821899999999800e+01
3.570000000000000000e+02 -3.687255300000000346e+01
3.580000000000000000e+02 -3.695541800000000165e+01
3.590000000000000000e+02 -3.703688499999999806e+01
3.600000000000000000e+02 -3.711876500000000334e+01
3.610000000000000000e+02 -3.719921500000000236e+01
3.620000000000000000e+02 -3.727355599999999924e+01
3.630000000000000000e+02 -3.733590800000000343e+01
3.640000000000000000e+02 -3.737982900000000086e+01
3.650000000000000000e+02 -3.740829300000000046e+01
3.660000000000000000e+02 -3.742480400000000174e+01
3.670000000000000000e+02 -3.743466600000000000e+01
3.680000000000000000e+02 -3.744136699999999962e+01
3.690000000000000000e+02 -3.743784300000000087e+01
3.700000000000000000e+02 -3.743203100000000205e+01
3.710000000000000000e+02 -3.743442300000000245e+01
3.720000000000000000e+02 -3.745572700000000310e+01
3.730000000000000000e+02 -3.750124300000000233e+01
3.740000000000000000e+02 -3.756449400000000338e+01
3.750000000000000000e+02 -3.763700299999999999e+01
3.760000000000000000e+02 -3.770831400000000144e+01
3.770000000000000000e+02 -3.777824400000000082e+01
3.780000000000000000e+02 -3.785766999999999882e+01
3.790000000000000000e+02 -3.793367800000000045e+01
3.800000000000000000e+02 -3.799164700000000039e+01
3.810000000000000000e+02 -3.801672599999999846e+01
3.820000000000000000e+02 -3.799805500000000080e+01
3.830000000000000000e+02 -3.795213499999999840e+01
3.840000000000000000e+02 -3.790094799999999964e+01
3.850000000000000000e+02 -3.786792599999999709e+01
3.860000000000000000e+02 -3.785167500000000018e+01
3.870000000000000000e+02 -3.782895400000000308e+01
3.880000000000000000e+02 -3.782854300000000336e+01
3.890000000000000000e+02 -3.788263800000000003e+01
3.900000000000000000e+02 -3.802830300000000108e+01
3.910000000000000000e+02 -3.827801900000000046e+01
3.920000000000000000e+02 -3.860441600000000051e+01
3.930000000000000000e+02 -3.897267699999999735e+01
3.940000000000000000e+02 -3.933916399999999669e+01
3.950000000000000000e+02 -3.970603299999999791e+01
3.960000000000000000e+02 -4.010624099999999714e+01
3.970000000000000000e+02 -4.050327399999999756e+01
3.980000000000000000e+02 -4.085317400000000276e+01
3.990000000000000000e+02 -4.111366399999999999e+01
4.000000000000000000e+02 -4.127809200000000089e+01
4.010000000000000000e+02 -4.136785100000000170e+01
4.020000000000000000e+02 -4.140941999999999723e+01
4.030000000000000000e+02 -4.143001799999999690e+01
4.040000000000000000e+02 -4.143155300000000096e+01
4.050000000000000000e+02 -4.139077400000000040e+01
4.060000000000000000e+02 -4.132526899999999870e+01
4.070000000000000000e+02 -4.125583799999999712e+01
4.080000000000000000e+02 -4.120465599999999995e+01
4.090000000000000000e+02 -4.116846499999999764e+01
4.100000000000000000e+02 -4.114327000000000112e+01
4.110000000000000000e+02 -4.112328300000000070e+01
4.120000000000000000e+02 -4.110322000000000031e+01
4.130000000000000000e+02 -4.108052599999999899e+01
4.140000000000000000e+02 -4.106092499999999745e+01
4.150000000000000000e+02 -4.104595900000000341e+01
4.160000000000000000e+02 -4.103974500000000347e+01
4.170000000000000000e+02 -4.104299900000000179e+01
4.180000000000000000e+02 -4.105782800000000066e+01
4.190000000000000000e+02 -4.108654500000000098e+01
4.200000000000000000e+02 -4.112482200000000176e+01
4.210000000000000000e+02 -4.117143999999999693e+01
4.220000000000000000e+02 -4.122515599999999836e+01
4.230000000000000000e+02 -4.128811300000000273e+01
4.240000000000000000e+02 -4.135623999999999967e+01
4.250000000000000000e+02 -4.142571800000000337e+01
4.260000000000000000e+02 -4.149012499999999903e+01
4.270000000000000000e+02 -4.154822099999999807e+01
4.280000000000000000e+02 -4.159686500000000109e+01
4.290000000000000000e+02 -4.163531900000000263e+01
4.300000000000000000e+02 -4.166401799999999866e+01
4.310000000000000000e+02 -4.168616000000000099e+01
4.320000000000000000e+02 -4.169882799999999889e+01
4.330000000000000000e+02 -4.170250899999999916e+01
4.340000000000000000e+02 -4.170255800000000335e+01
4.350000000000000000e+02 -4.170244999999999891e+01
4.360000000000000000e+02 -4.170703999999999922e+01
4.370000000000000000e+02 -4.171796400000000204e+01
4.380000000000000000e+02 -4.173562299999999681e+01
4.390000000000000000e+02 -4.175887399999999872e+01
4.400000000000000000e+02 -4.178852200000000039e+01
4.410000000000000000e+02 -4.182540099999999939e+01
4.420000000000000000e+02 -4.187112599999999674e+01
4.430000000000000000e+02 -4.192397400000000118e+01
4.440000000000000000e+02 -4.198221399999999903e+01
4.450000000000000000e+02 -4.204560299999999984e+01
4.460000000000000000e+02 -4.211129900000000248e+01
4.470000000000000000e+02 -4.217567999999999984e+01
4.480000000000000000e+02 -4.223571400000000153e+01
4.490000000000000000e+02 -4.229551899999999875e+01
4.500000000000000000e+02 -4.235384799999999927e+01
4.510000000000000000e+02 -4.240459200000000095e+01
4.520000000000000000e+02 -4.244054500000000019e+01
4.530000000000000000e+02 -4.245481399999999894e+01
4.540000000000000000e+02 -4.244586199999999820e+01
4.550000000000000000e+02 -4.242434699999999737e+01
4.560000000000000000e+02 -4.240225999999999829e+01
4.570000000000000000e+02 -4.239086799999999755e+01
4.580000000000000000e+02 -4.237963200000000086e+01
4.590000000000000000e+02 -4.236722600000000227e+01
4.600000000000000000e+02 -4.236840800000000229e+01
4.610000000000000000e+02 -4.239789600000000291e+01
4.620000000000000000e+02 -4.246912600000000282e+01
4.630000000000000000e+02 -4.258002799999999866e+01
4.640000000000000000e+02 -4.271481299999999948e+01
4.650000000000000000e+02 -4.285437799999999697e+01
4.660000000000000000e+02 -4.298279899999999998e+01
4.670000000000000000e+02 -4.311235899999999788e+01
4.680000000000000000e+02 -4.324649900000000002e+01
4.690000000000000000e+02 -4.336585999999999785e+01
4.700000000000000000e+02 -4.345591600000000199e+01
4.710000000000000000e+02 -4.350178700000000021e+01
4.720000000000000000e+02 -4.351114700000000113e+01
4.730000000000000000e+02 -4.349922200000000316e+01
4.740000000000000000e+02 -4.348056700000000063e+01
4.750000000000000000e+02 -4.346906299999999845e+01
4.760000000000000000e+02 -4.345473799999999898e+01
4.770000000000000000e+02 -4.343770299999999907e+01
4.780000000000000000e+02 -4.342954300000000245e+01
4.790000000000000000e+02 -4.344120399999999904e+01
4.800000000000000000e+02 -4.347959999999999781e+01
4.810000000000000000e+02 -4.353946400000000239e+01
4.820000000000000000e+02 -4.360980899999999849e+01
4.830000000000000000e+02 -4.368353499999999912e+01
4.840000000000000000e+02 -4.375037400000000076e+01
4.850000000000000000e+02 -4.381836100000000300e+01
4.860000000000000000e+02 -4.388531700000000058e+01
4.870000000000000000e+02 -4.394342300000000279e+01
4.880000000000000000e+02 -4.398481100000000055e+01
4.890000000000000000e+02 -4.400565000000000282e+01
4.900000000000000000e+02 -4.401131000000000171e+01
4.910000000000000000e+02 -4.400813300000000083e+01
4.920000000000000000e+02 -4.400217800000000068e+01
4.930000000000000000e+02 -4.399591499999999655e+01
4.940000000000000000e+02 -4.398418900000000065e+01
4.950000000000000000e+02 -4.396980299999999886e+01
4.960000000000000000e+02 -4.395614400000000188e+01
4.970000000000000000e+02 -4.394619300000000095e+01
4.980000000000000000e+02 -4.393834100000000120e+01
4.990000000000000000e+02 -4.393227100000000007e+01
5.000000000000000000e+02 -4.392820799999999792e+01
5.010000000000000000e+02 -4.392586299999999966e+01
5.020000000000000000e+02 -4.392453900000000289e+01
5.030000000000000000e+02 -4.392443200000000303e+01
5.040000000000000000e+02 -4.392617200000000111e+01
5.050000000000000000e+02 -4.392956600000000122e+01
5.060000000000000000e+02 -4.393319400000000030e+01
5.070000000000000000e+02 -4.393530200000000008e+01
5.080000000000000000e+02 -4.393649099999999663e+01
5.090000000000000000e+02 -4.393841799999999864e+01
5.100000000000000000e+02 -4.394219100000000111e+01
5.110000000000000000e+02 -4.394397099999999767e+01
5.120000000000000000e+02 -4.394843900000000048e+01
5.130000000000000000e+02 -4.396018899999999974e+01
5.140000000000000000e+02 -4.398577000000000226e+01
5.150000000000000000e+02 -4.402943900000000355e+01
5.160000000000000000e+02 -4.408552699999999902e+01
5.170000000000000000e+02 -4.414674699999999774e+01
5.180000000000000000e+02 -4.420432699999999926e+01
5.190000000000000000e+02 -4.426167499999999677e+01
5.200000000000000000e+02 -4.432144499999999709e+01
5.210000000000000000e+02 -4.437539499999999748e+01
5.220000000000000000e+02 -4.441499300000000261e+01
5.230000000000000000e+02 -4.443476700000000079e+01
5.240000000000000000e+02 -4.443711900000000270e+01
5.250000000000000000e+02 -4.442890200000000078e+01
5.260000000000000000e+02 -4.441651099999999985e+01
5.270000000000000000e+02 -4.440280500000000075e+01
5.280000000000000000e+02 -4.438480400000000259e+01
5.290000000000000000e+02 -4.436364799999999775e+01
5.300000000000000000e+02 -4.434595600000000104e+01
5.310000000000000000e+02 -4.433681099999999731e+01
5.320000000000000000e+02 -4.434057899999999819e+01
5.330000000000000000e+02 -4.435363300000000208e+01
5.340000000000000000e+02 -4.437080499999999716e+01
5.350000000000000000e+02 -4.438662599999999969e+01
5.360000000000000000e+02 -4.440238500000000244e+01
5.370000000000000000e+02 -4.442360500000000201e+01
5.380000000000000000e+02 -4.444247599999999920e+01
5.390000000000000000e+02 -4.445127099999999842e+01
5.400000000000000000e+02 -4.444183999999999912e+01
5.410000000000000000e+02 -4.441386099999999715e+01
5.420000000000000000e+02 -4.437704099999999841e+01
5.430000000000000000e+02 -4.434078499999999678e+01
5.440000000000000000e+02 -4.431248500000000234e+01
5.450000000000000000e+02 -4.428375100000000231e+01
5.460000000000000000e+02 -4.425450699999999671e+01
5.470000000000000000e+02 -4.423492799999999647e+01
5.480000000000000000e+02 -4.423176800000000242e+01
5.490000000000000000e+02 -4.424884600000000034e+01
5.500000000000000000e+02 -4.427837999999999852e+01
5.510000000000000000e+02 -4.431333099999999803e+01
5.520000000000000000e+02 -4.434565700000000277e+01
5.530000000000000000e+02 -4.437418799999999663e+01
5.540000000000000000e+02 -4.440566299999999700e+01
5.550000000000000000e+02 -4.443274699999999910e+01
5.560000000000000000e+02 -4.444857700000000023e+01
5.570000000000000000e+02 -4.444626300000000185e+01
5.580000000000000000e+02 -4.442327999999999832e+01
5.590000000000000000e+02 -4.439065399999999784e+01
5.600000000000000000e+02 -4.436131000000000313e+01
5.610000000000000000e+02 -4.434708100000000286e+01
5.620000000000000000e+02 -4.433506700000000222e+01
5.630000000000000000e+02 -4.432815899999999942e+01
5.640000000000000000e+02 -4.434281099999999753e+01
5.650000000000000000e+02 -4.439577100000000343e+01
5.660000000000000000e+02 -4.449957700000000216e+01
5.670000000000000000e+02 -4.464453100000000063e+01
5.680000000000000000e+02 -4.481235600000000119e+01
5.690000000000000000e+02 -4.498501499999999709e+01
5.700000000000000000e+02 -4.515562200000000104e+01
5.710000000000000000e+02 -4.534084899999999863e+01
5.720000000000000000e+02 -4.552787599999999912e+01
5.730000000000000000e+02 -4.570141999999999882e+01
5.740000000000000000e+02 -4.584801399999999916e+01
5.750000000000000000e+02 -4.597231899999999882e+01
5.760000000000000000e+02 -4.607936699999999774e+01
5.770000000000000000e+02 -4.617349300000000056e+01
5.780000000000000000e+02 -4.625903600000000182e+01
5.790000000000000000e+02 -4.633584599999999654e+01
5.800000000000000000e+02 -4.640104099999999931e+01
5.810000000000000000e+02 -4.645290700000000328e+01
5.820000000000000000e+02 -4.649012900000000315e+01
5.830000000000000000e+02 -4.651028300000000115e+01
5.840000000000000000e+02 -4.651597799999999694e+01
5.850000000000000000e+02 -4.651317099999999982e+01
5.860000000000000000e+02 -4.650736100000000306e+01
5.870000000000000000e+02 -4.649906599999999912e+01
5.880000000000000000e+02 -4.648367600000000266e+01
5.890000000000000000e+02 -4.646675100000000214e+01
5.900000000000000000e+02 -4.645348200000000105e+01
5.910000000000000000e+02 -4.644801900000000217e+01
5.920000000000000000e+02 -4.644803600000000188e+01
5.930000000000000000e+02 -4.645073500000000166e+01
5.940000000000000000e+02 -4.645381700000000080e+01
5.950000000000000000e+02 -4.645554099999999664e+01
5.960000000000000000e+02 -4.645844300000000260e+01
5.970000000000000000e+02 -4.646128300000000166e+01
5.980000000000000000e+02 -4.646156700000000228e+01
5.990000000000000000e+02 -4.645649800000000340e+01
6.000000000000000000e+02 -4.644199600000000316e+01
6.010000000000000000e+02 -4.642135199999999884e+01
6.020000000000000000e+02 -4.640186899999999781e+01
6.030000000000000000e+02 -4.639092999999999734e+01
6.040000000000000000e+02 -4.638803899999999913e+01
6.050000000000000000e+02 -4.638790399999999892e+01
6.060000000000000000e+02 -4.639840300000000184e+01
6.070000000000000000e+02 -4.642839399999999728e+01
6.080000000000000000e+02 -4.648536599999999908e+01
6.090000000000000000e+02 -4.656737499999999841e+01
6.100000000000000000e+02 -4.666892200000000201e+01
6.110000000000000000e+02 -4.678410099999999971e+01
6.120000000000000000e+02 -4.690727600000000308e+01
6.130000000000000000e+02 -4.704124699999999848e+01
6.140000000000000000e+02 -4.718729199999999935e+01
6.150000000000000000e+02 -4.734626999999999697e+01
6.160000000000000000e+02 -4.751371900000000181e+01
6.170000000000000000e+02 -4.769592800000000210e+01
6.180000000000000000e+02 -4.788888399999999734e+01
6.190000000000000000e+02 -4.808299499999999682e+01
6.200000000000000000e+02 -4.826916899999999799e+01
6.210000000000000000e+02 -4.845015099999999819e+01
6.220000000000000000e+02 -4.863123699999999872e+01
6.230000000000000000e+02 -4.880107600000000190e+01
6.240000000000000000e+02 -4.894898400000000294e+01
6.250000000000000000e+02 -4.906495499999999765e+01
6.260000000000000000e+02 -4.915442199999999673e+01
6.270000000000000000e+02 -4.922486800000000073e+01
6.280000000000000000e+02 -4.928353299999999848e+01
6.290000000000000000e+02 -4.933617799999999676e+01
6.300000000000000000e+02 -4.937751500000000249e+01
6.310000000000000000e+02 -4.940842599999999862e+01
6.320000000000000000e+02 -4.943189799999999678e+01
6.330000000000000000e+02 -4.945078199999999669e+01
6.340000000000000000e+02 -4.946352300000000213e+01
6.350000000000000000e+02 -4.947012800000000254e+01
6.360000000000000000e+02 -4.947261400000000009e+01
6.370000000000000000e+02 -4.947285800000000222e+01
6.380000000000000000e+02 -4.946965500000000304e+01
6.390000000000000000e+02 -4.946228500000000139e+01
6.400000000000000000e+02 -4.945390299999999684e+01
6.410000000000000000e+02 -4.944759100000000274e+01
6.420000000000000000e+02 -4.944529899999999856e+01
6.430000000000000000e+02 -4.944534500000000321e+01
6.440000000000000000e+02 -4.944654200000000088e+01
6.450000000000000000e+02 -4.944783499999999776e+01
6.460000000000000000e+02 -4.944840700000000311e+01
6.470000000000000000e+02 -4.944886900000000196e+01
6.480000000000000000e+02 -4.944933199999999829e+01
6.490000000000000000e+02 -4.944973300000000194e+01
6.500000000000000000e+02 -4.945000799999999685e+01
6.510000000000000000e+02 -4.945014400000000165e+01
6.520000000000000000e+02 -4.945018499999999761e+01
6.530000000000000000e+02 -4.945017500000000155e+01
6.540000000000000000e+02 -4.945016100000000137e+01
6.550000000000000000e+02 -4.945013000000000147e+01
6.560000000000000000e+02 -4.945006500000000216e+01
6.570000000000000000e+02 -4.944999599999999873e+01
6.580000000000000000e+02 -4.944995399999999819e+01
6.590000000000000000e+02 -4.944995899999999978e+01
6.600000000000000000e+02 -4.944999700000000331e+01
6.610000000000000000e+02 -4.945005199999999945e+01
6.620000000000000000e+02 -4.945011000000000223e+01
6.630000000000000000e+02 -4.945015899999999931e+01
6.640000000000000000e+02 -4.945021200000000050e+01
6.650000000000000000e+02 -4.945026500000000169e+01
6.660000000000000000e+02 -4.945030599999999765e+01
6.670000000000000000e+02 -4.945032299999999736e+01
6.680000000000000000e+02 -4.945031099999999924e+01
6.690000000000000000e+02 -4.945027499999999776e+01
6.700000000000000000e+02 -4.945022800000000274e+01
6.710000000000000000e+02 -4.945018199999999808e+01
6.720000000000000000e+02 -4.945018900000000173e+01
6.730000000000000000e+02 -4.945021799999999956e+01
6.740000000000000000e+02 -4.945018300000000266e+01
6.750000000000000000e+02 -4.944999700000000331e+01
6.760000000000000000e+02 -4.944951300000000316e+01
6.770000000000000000e+02 -4.944875300000000351e+01
6.780000000000000000e+02 -4.944800399999999740e+01
6.790000000000000000e+02 -4.944754300000000313e+01
6.800000000000000000e+02 -4.944742399999999805e+01
6.810000000000000000e+02 -4.944723100000000215e+01
6.820000000000000000e+02 -4.944742600000000010e+01
6.830000000000000000e+02 -4.944855799999999846e+01
6.840000000000000000e+02 -4.945118899999999940e+01
6.850000000000000000e+02 -4.945560100000000148e+01
6.860000000000000000e+02 -4.946101500000000328e+01
6.870000000000000000e+02 -4.946651299999999907e+01
6.880000000000000000e+02 -4.947141700000000242e+01
6.890000000000000000e+02 -4.948153299999999888e+01
6.900000000000000000e+02 -4.949379199999999912e+01
6.910000000000000000e+02 -4.949891900000000078e+01
6.920000000000000000e+02 -4.948769500000000221e+01
6.930000000000000000e+02 -4.944590999999999781e+01
6.940000000000000000e+02 -4.937829899999999839e+01
6.950000000000000000e+02 -4.931042800000000170e+01
6.960000000000000000e+02 -4.926780899999999974e+01
6.970000000000000000e+02 -4.925493000000000166e+01
6.980000000000000000e+02 -4.923997899999999817e+01
6.990000000000000000e+02 -4.925874600000000214e+01
7.000000000000000000e+02 -4.935212500000000091e+01
7.010000000000000000e+02 -4.956134500000000287e+01
7.020000000000000000e+02 -4.989838900000000166e+01
7.030000000000000000e+02 -5.031339299999999781e+01
7.040000000000000000e+02 -5.075024799999999914e+01
7.050000000000000000e+02 -5.115800000000000125e+01
7.060000000000000000e+02 -5.158220299999999980e+01
7.070000000000000000e+02 -5.201852000000000231e+01
7.080000000000000000e+02 -5.241306099999999901e+01
7.090000000000000000e+02 -5.271177899999999994e+01
7.100000000000000000e+02 -5.288791599999999704e+01
7.110000000000000000e+02 -5.297469199999999745e+01
7.120000000000000000e+02 -5.300850499999999954e+01
7.130000000000000000e+02 -5.302570599999999956e+01
7.140000000000000000e+02 -5.303935599999999795e+01
7.150000000000000000e+02 -5.302095700000000278e+01
7.160000000000000000e+02 -5.298713300000000004e+01
7.170000000000000000e+02 -5.295741399999999999e+01
7.180000000000000000e+02 -5.294778199999999657e+01
7.190000000000000000e+02 -5.294981200000000143e+01
7.200000000000000000e+02 -5.295639200000000102e+01
7.210000000000000000e+02 -5.296282099999999815e+01
7.220000000000000000e+02 -5.296492400000000345e+01
7.230000000000000000e+02 -5.296548500000000104e+01
7.240000000000000000e+02 -5.296454500000000110e+01
7.250000000000000000e+02 -5.295987900000000081e+01
7.260000000000000000e+02 -5.294948800000000233e+01
7.270000000000000000e+02 -5.292679799999999801e+01
7.280000000000000000e+02 -5.289548800000000028e+01
7.290000000000000000e+02 -5.286771499999999691e+01
7.300000000000000000e+02 -5.285510500000000178e+01
7.310000000000000000e+02 -5.285690499999999759e+01
7.320000000000000000e+02 -5.286244800000000055e+01
7.330000000000000000e+02 -5.288532800000000123e+01
7.340000000000000000e+02 -5.293958500000000100e+01
7.350000000000000000e+02 -5.303696999999999662e+01
7.360000000000000000e+02 -5.317322999999999666e+01
7.370000000000000000e+02 -5.333539600000000291e+01
7.380000000000000000e+02 -5.351234999999999786e+01
7.390000000000000000e+02 -5.369496600000000086e+01
7.400000000000000000e+02 -5.388835699999999918e+01
7.410000000000000000e+02 -5.409258799999999923e+01
7.420000000000000000e+02 -5.431234500000000054e+01
7.430000000000000000e+02 -5.455488400000000127e+01
7.440000000000000000e+02 -5.483038200000000018e+01
7.450000000000000000e+02 -5.513887299999999669e+01
7.460000000000000000e+02 -5.545734600000000114e+01
7.470000000000000000e+02 -5.576468200000000053e+01
7.480000000000000000e+02 -5.606039299999999770e+01
7.490000000000000000e+02 -5.636639000000000266e+01
7.500000000000000000e+02 -5.665205000000000268e+01
7.510000000000000000e+02 -5.688351600000000019e+01
7.520000000000000000e+02 -5.703077100000000144e+01
7.530000000000000000e+02 -5.710026899999999728e+01
7.540000000000000000e+02 -5.711897799999999847e+01
7.550000000000000000e+02 -5.711419399999999769e+01
7.560000000000000000e+02 -5.710853099999999927e+01
7.570000000000000000e+02 -5.707740499999999884e+01
7.580000000000000000e+02 -5.702727099999999893e+01
7.590000000000000000e+02 -5.697738799999999770e+01
7.600000000000000000e+02 -5.694705799999999840e+01
7.610000000000000000e+02 -5.693789400000000001e+01
7.620000000000000000e+02 -5.693963000000000108e+01
7.630000000000000000e+02 -5.694579699999999889e+01
7.640000000000000000e+02 -5.694977399999999790e+01
7.650000000000000000e+02 -5.695030299999999812e+01
7.660000000000000000e+02 -5.695121699999999976e+01
7.670000000000000000e+02 -5.695164100000000218e+01
7.680000000000000000e+02 -5.695060200000000350e+01
7.690000000000000000e+02 -5.694665299999999775e+01
7.700000000000000000e+02 -5.693933899999999682e+01
7.710000000000000000e+02 -5.693139299999999992e+01
7.720000000000000000e+02 -5.692577899999999858e+01
7.730000000000000000e+02 -5.692434500000000241e+01
7.740000000000000000e+02 -5.692291600000000074e+01
7.750000000000000000e+02 -5.692449400000000281e+01
7.760000000000000000e+02 -5.693399099999999891e+01
7.770000000000000000e+02 -5.695642800000000250e+01
7.780000000000000000e+02 -5.699500700000000109e+01
7.790000000000000000e+02 -5.704506200000000149e+01
7.800000000000000000e+02 -5.710018999999999778e+01
7.810000000000000000e+02 -5.715349499999999949e+01
7.820000000000000000e+02 -5.720781600000000111e+01
7.830000000000000000e+02 -5.726581900000000047e+01
7.840000000000000000e+02 -5.732106399999999979e+01
7.850000000000000000e+02 -5.736712800000000101e+01
7.860000000000000000e+02 -5.739894000000000318e+01
7.870000000000000000e+02 -5.741913300000000220e+01
7.880000000000000000e+02 -5.743116200000000049e+01
7.890000000000000000e+02 -5.743989799999999946e+01
7.900000000000000000e+02 -5.744789800000000213e+01
7.910000000000000000e+02 -5.745210300000000103e+01
7.920000000000000000e+02 -5.745291000000000281e+01
7.930000000000000000e+02 -5.745154800000000250e+01
7.940000000000000000e+02 -5.744919800000000265e+01
7.950000000000000000e+02 -5.744408599999999865e+01
7.960000000000000000e+02 -5.743727100000000263e+01
7.970000000000000000e+02 -5.743130699999999678e+01
7.980000000000000000e+02 -5.742879099999999681e+01
7.990000000000000000e+02 -5.743396500000000060e+01
8.000000000000000000e+02 -5.744409300000000229e+01
8.010000000000000000e+02 -5.745218700000000212e+01
8.020000000000000000e+02 -5.745141699999999929e+01
8.030000000000000000e+02 -5.742752200000000329e+01
8.040000000000000000e+02 -5.738015399999999744e+01
8.050000000000000000e+02 -5.733904100000000170e+01
8.060000000000000000e+02 -5.733411600000000163e+01
8.070000000000000000e+02 -5.737494999999999834e+01
8.080000000000000000e+02 -5.741699500000000000e+01
8.090000000000000000e+02 -5.750390800000000269e+01
8.100000000000000000e+02 -5.769319200000000336e+01
8.110000000000000000e+02 -5.804018800000000056e+01
8.120000000000000000e+02 -5.857424900000000179e+01
8.130000000000000000e+02 -5.922541600000000273e+01
8.140000000000000000e+02 -5.990918700000000285e+01
8.150000000000000000e+02 -6.054329599999999800e+01
8.160000000000000000e+02 -6.118976700000000335e+01
8.170000000000000000e+02 -6.185619700000000165e+01
8.180000000000000000e+02 -6.245168699999999973e+01
8.190000000000000000e+02 -6.288667999999999836e+01
8.200000000000000000e+02 -6.310071700000000305e+01
8.210000000000000000e+02 -6.314363600000000076e+01
8.220000000000000000e+02 -6.308727799999999775e+01
8.230000000000000000e+02 -6.300347399999999709e+01
8.240000000000000000e+02 -6.292554499999999962e+01
8.250000000000000000e+02 -6.278766199999999742e+01
8.260000000000000000e+02 -6.263026899999999841e+01
8.270000000000000000e+02 -6.250443899999999786e+01
8.280000000000000000e+02 -6.245711699999999666e+01
8.290000000000000000e+02 -6.247975499999999727e+01
8.300000000000000000e+02 -6.254289700000000352e+01
8.310000000000000000e+02 -6.262046399999999835e+01
8.320000000000000000e+02 -6.268671700000000158e+01
8.330000000000000000e+02 -6.275854199999999850e+01
8.340000000000000000e+02 -6.283818399999999826e+01
8.350000000000000000e+02 -6.290772700000000128e+01
8.360000000000000000e+02 -6.294914599999999893e+01
8.370000000000000000e+02 -6.294629599999999670e+01
8.380000000000000000e+02 -6.291053000000000139e+01
8.390000000000000000e+02 -6.286728899999999953e+01
8.400000000000000000e+02 -6.284192999999999785e+01
8.410000000000000000e+02 -6.283898800000000051e+01
8.420000000000000000e+02 -6.283224400000000287e+01
8.430000000000000000e+02 -6.284989900000000063e+01
8.440000000000000000e+02 -6.292378300000000024e+01
8.450000000000000000e+02 -6.308502200000000215e+01
8.460000000000000000e+02 -6.333669400000000138e+01
8.470000000000000000e+02 -6.364555200000000212e+01
8.480000000000000000e+02 -6.397336399999999657e+01
8.490000000000000000e+02 -6.428590699999999458e+01
8.500000000000000000e+02 -6.461623099999999909e+01
8.510000000000000000e+02 -6.495793600000000367e+01
8.520000000000000000e+02 -6.527540000000000475e+01
8.530000000000000000e+02 -6.553199899999999900e+01
8.540000000000000000e+02 -6.571233300000000099e+01
8.550000000000000000e+02 -6.583701499999999385e+01
8.560000000000000000e+02 -6.593006599999999651e+01
8.570000000000000000e+02 -6.601605700000000354e+01
8.580000000000000000e+02 -6.610026200000000074e+01
8.590000000000000000e+02 -6.616198900000000549e+01
8.600000000000000000e+02 -6.621923099999999351e+01
8.610000000000000000e+02 -6.629342200000000673e+01
8.620000000000000000e+02 -6.640101300000000606e+01
8.630000000000000000e+02 -6.654280500000000131e+01
8.640000000000000000e+02 -6.670076400000000660e+01
8.650000000000000000e+02 -6.685642099999999743e+01
8.660000000000000000e+02 -6.699271299999999485e+01
8.670000000000000000e+02 -6.712973300000000165e+01
8.680000000000000000e+02 -6.726118099999999345e+01
8.690000000000000000e+02 -6.736764599999999348e+01
8.700000000000000000e+02 -6.742797000000000196e+01
8.710000000000000000e+02 -6.743047799999999370e+01
8.720000000000000000e+02 -6.738974600000000237e+01
8.730000000000000000e+02 -6.732642099999999630e+01
8.740000000000000000e+02 -6.726122999999999763e+01
8.750000000000000000e+02 -6.719640699999999356e+01
8.760000000000000000e+02 -6.711736100000000249e+01
8.770000000000000000e+02 -6.703699899999999445e+01
8.780000000000000000e+02 -6.696946699999999453e+01
8.790000000000000000e+02 -6.692437800000000436e+01
8.800000000000000000e+02 -6.689316100000000631e+01
8.810000000000000000e+02 -6.687518900000000599e+01
8.820000000000000000e+02 -6.687129600000000096e+01
8.830000000000000000e+02 -6.688053600000000642e+01
8.840000000000000000e+02 -6.689424999999999955e+01
8.850000000000000000e+02 -6.692207999999999402e+01
8.860000000000000000e+02 -6.697574400000000594e+01
8.870000000000000000e+02 -6.706724400000000230e+01
8.880000000000000000e+02 -6.720762100000000316e+01
8.890000000000000000e+02 -6.738338400000000661e+01
8.900000000000000000e+02 -6.757231899999999314e+01
8.910000000000000000e+02 -6.775292899999999463e+01
8.920000000000000000e+02 -6.793164899999999307e+01
8.930000000000000000e+02 -6.812191400000000385e+01
8.940000000000000000e+02 -6.829717499999999575e+01
8.950000000000000000e+02 -6.843127300000000446e+01
8.960000000000000000e+02 -6.850112400000000434e+01
8.970000000000000000e+02 -6.851404999999999745e+01
8.980000000000000000e+02 -6.849776199999999449e+01
8.990000000000000000e+02 -6.848002200000000528e+01
9.000000000000000000e+02 -6.848000399999999388e+01
9.010000000000000000e+02 -6.847115700000000516e+01
9.020000000000000000e+02 -6.846544500000000255e+01
9.030000000000000000e+02 -6.848563799999999446e+01
9.040000000000000000e+02 -6.855319400000000485e+01
9.050000000000000000e+02 -6.867065300000000150e+01
9.060000000000000000e+02 -6.882259399999999516e+01
9.070000000000000000e+02 -6.899574699999999439e+01
9.080000000000000000e+02 -6.917777399999999943e+01
9.090000000000000000e+02 -6.936609699999999634e+01
9.100000000000000000e+02 -6.956774599999999964e+01
9.110000000000000000e+02 -6.978352700000000652e+01
9.120000000000000000e+02 -7.001552999999999827e+01
9.130000000000000000e+02 -7.026968899999999962e+01
9.140000000000000000e+02 -7.055163799999999696e+01
9.150000000000000000e+02 -7.084543700000000399e+01
9.160000000000000000e+02 -7.113461200000000417e+01
9.170000000000000000e+02 -7.140764900000000637e+01
9.180000000000000000e+02 -7.168787100000000123e+01
9.190000000000000000e+02 -7.195927500000000521e+01
9.200000000000000000e+02 -7.219866899999999532e+01
9.210000000000000000e+02 -7.238196700000000305e+01
9.220000000000000000e+02 -7.250549800000000289e+01
9.230000000000000000e+02 -7.258608900000000119e+01
9.240000000000000000e+02 -7.264211099999999988e+01
9.250000000000000000e+02 -7.269113000000000113e+01
9.260000000000000000e+02 -7.273047699999999338e+01
9.270000000000000000e+02 -7.275245999999999924e+01
9.280000000000000000e+02 -7.276392400000000293e+01
9.290000000000000000e+02 -7.277238499999999988e+01
9.300000000000000000e+02 -7.277614699999999459e+01
9.310000000000000000e+02 -7.276974099999999623e+01
9.320000000000000000e+02 -7.276393899999999348e+01
9.330000000000000000e+02 -7.276901499999999601e+01
9.340000000000000000e+02 -7.278803100000000370e+01
9.350000000000000000e+02 -7.280386300000000688e+01
9.360000000000000000e+02 -7.283489799999999548e+01
9.370000000000000000e+02 -7.290400200000000552e+01
9.380000000000000000e+02 -7.303371500000000083e+01
9.390000000000000000e+02 -7.323381299999999783e+01
9.400000000000000000e+02 -7.347865299999999422e+01
9.410000000000000000e+02 -7.373841199999999674e+01
9.420000000000000000e+02 -7.398404800000000137e+01
9.430000000000000000e+02 -7.423506199999999922e+01
9.440000000000000000e+02 -7.449481600000000014e+01
9.450000000000000000e+02 -7.473378499999999747e+01
9.460000000000000000e+02 -7.492422500000000696e+01
9.470000000000000000e+02 -7.504798999999999864e+01
9.480000000000000000e+02 -7.511831599999999298e+01
9.490000000000000000e+02 -7.515396599999999694e+01
9.500000000000000000e+02 -7.517484699999999975e+01
9.510000000000000000e+02 -7.519338899999999626e+01
9.520000000000000000e+02 -7.519135300000000655e+01
9.530000000000000000e+02 -7.517723800000000267e+01
9.540000000000000000e+02 -7.516481400000000690e+01
9.550000000000000000e+02 -7.516799699999999973e+01
9.560000000000000000e+02 -7.519030899999999917e+01
9.570000000000000000e+02 -7.522376599999999769e+01
9.580000000000000000e+02 -7.526237799999999822e+01
9.590000000000000000e+02 -7.529867699999999786e+01
9.600000000000000000e+02 -7.533560699999999599e+01
9.610000000000000000e+02 -7.537789999999999679e+01
9.620000000000000000e+02 -7.541725200000000484e+01
9.630000000000000000e+02 -7.544529599999999903e+01
9.640000000000000000e+02 -7.545290099999999711e+01
9.650000000000000000e+02 -7.544046099999999910e+01
9.660000000000000000e+02 -7.541961399999999571e+01
9.670000000000000000e+02 -7.540265200000000334e+01
9.680000000000000000e+02 -7.539815600000000018e+01
9.690000000000000000e+02 -7.539100999999999431e+01
9.700000000000000000e+02 -7.538892800000000705e+01
9.710000000000000000e+02 -7.540529100000000540e+01
9.720000000000000000e+02 -7.545283799999999985e+01
9.730000000000000000e+02 -7.553610500000000627e+01
9.740000000000000000e+02 -7.564393699999999399e+01
9.750000000000000000e+02 -7.576451199999999631e+01
9.760000000000000000e+02 -7.588677099999999598e+01
9.770000000000000000e+02 -7.600996999999999559e+01
9.780000000000000000e+02 -7.614124599999999532e+01
9.790000000000000000e+02 -7.627614400000000217e+01
9.800000000000000000e+02 -7.641054800000000569e+01
9.810000000000000000e+02 -7.654318499999999403e+01
9.820000000000000000e+02 -7.667943099999999390e+01
9.830000000000000000e+02 -7.681522499999999809e+01
9.840000000000000000e+02 -7.694543099999999924e+01
9.850000000000000000e+02 -7.706560500000000502e+01
9.860000000000000000e+02 -7.718335600000000341e+01
9.870000000000000000e+02 -7.729370600000000024e+01
9.880000000000000000e+02 -7.738727400000000500e+01
9.890000000000000000e+02 -7.745549599999999657e+01
9.900000000000000000e+02 -7.749356799999999623e+01
9.910000000000000000e+02 -7.750861000000000445e+01
9.920000000000000000e+02 -7.751025699999999574e+01
9.930000000000000000e+02 -7.750732999999999606e+01
9.940000000000000000e+02 -7.750204100000000551e+01
9.950000000000000000e+02 -7.748748600000000408e+01
9.960000000000000000e+02 -7.746961199999999792e+01
9.970000000000000000e+02 -7.745469199999999432e+01
9.980000000000000000e+02 -7.744766599999999812e+01
9.990000000000000000e+02 -7.744613599999999565e+01
1.000000000000000000e+03 -7.744732199999999978e+01
